;fluid_state;str;25
empty
flowing_water_f_1
flowing_water_f_2
flowing_water_f_3
flowing_water_f_4
flowing_water_f_5
flowing_water_f_6
flowing_water_f_7
flowing_water_f_8
flowing_water_1
flowing_water_2
flowing_water_3
flowing_water_4
flowing_water_5
flowing_water_6
flowing_water_7
flowing_water_8
water_s_f_8
water_s_8
flowing_lava_f_1
flowing_lava_f_2
flowing_lava_f_3
flowing_lava_f_4
flowing_lava_f_5
flowing_lava_f_6
flowing_lava_f_7
flowing_lava_f_8
flowing_lava_1
flowing_lava_2
flowing_lava_3
flowing_lava_4
flowing_lava_5
flowing_lava_6
flowing_lava_7
flowing_lava_8
lava_s_f_8
lava_s_8
;fluid_to_block;u32;25
0
65
64
63
62
61
60
5f
5e
5d
5c
5b
5a
59
58
57
56
56
56
75
74
73
72
71
70
6f
6e
6d
6c
6b
6a
69
68
67
66
66
66
;fluid_state_level;u32;25
0
1
2
3
4
5
6
7
8
1
2
3
4
5
6
7
8
8
8
1
2
3
4
5
6
7
8
1
2
3
4
5
6
7
8
8
8
;fluid_state_falling;u32;25
0
1
1
1
1
1
1
1
1
0
0
0
0
0
0
0
0
1
0
1
1
1
1
1
1
1
1
0
0
0
0
0
0
0
0
1
0
;fluid_state_to_fluid;u32;25
0
1
1
1
1
1
1
1
1
1
1
1
1
1
1
1
1
2
2
3
3
3
3
3
3
3
3
3
3
3
3
3
3
3
3
4
4
;fluid_state_array;[u32];17
0
12 0 12 0 12 0 12 0 12 0 12 0 12 0 12 0 12 0 12 0 12 0 12 0 12 0 12 0 12 0 12 0 12 0 12 0 12 0 12 0
12 f e d c b a 9 8 8 8 8 8 8 8 8
24 21 20 1f 1e 1d 1c 1b 1a 1a 1a 1a 1a 1a 1a 1a
12 0
12 0 12 0 12 0 12 0 12 0 12 0 12 0 12 0 12 0 12 0 12 0 12 0 12 0 12 0
12 0 12 0 12 0 12 0 12 0 12 0 12 0 12 0 12 0 12 0 12 0 12 0
12
12 0 12 0 12 0 12 0 12 0 12 0 12 0 12 0 12 0 12 0 12 0 12 0 12 0 12 0 12 0 12 0 12 0 12 0 12 0 12 0 12 0 12 0 12 0 12 0 12 0 12 0 12 0 12 0 12 0 12 0 12 0 12 0 12 0 12 0 12 0 12 0 12 0 12 0 12 0 12 0
12 0 12 0 12 0 12 0 12 0 12 0 12 0 12 0 12 0 12 0 12 0 12 0 12 0 12 0 12 0 12 0
12 0 12 0 12 0 12 0
12 0 12 0 12 0 12 0 12 0 12 0 12 0 12 0 12 0 12 0
12 0 12 0 12 0 12 0 12 0 12 0 12 0 12 0 12 0 12 0 12 0 12 0 12 0 12 0 12 0 12 0 12 0 12 0 12 0 12 0 12 0 12 0 12 0 12 0 12 0 12 0 12 0 12 0 12 0 12 0 12 0 12 0
12 12 0 0 12 12 0 0 12 12 0 0 12 12 0 0 12 12 0 0 12 12 0 0 12 12 0 0 12 12 0 0
12 0 12 0 12 0
12 12 0 0 12 12 0 0 12 12 0 0 12 12 0 0 12 12 0 0 12 12 0 0 12 12 0 0 12 12 0 0 12 12 0 0 12 12 0 0 12 12 0 0 12 12 0 0 12 12 0 0 12 12 0 0 12 12 0 0 12 12 0 0 12 12 0 0 12 12 0 0 12 12 0 0 12 12 0 0 12 12 0 0 12 12 0 0 12 12 0 0 12 12 0 0 12 12 0 0 12 12 0 0 12 12 0 0 12 12 0 0 12 12 0 0 12 12 0 0 12 12 0 0 12 12 0 0
12 12 12 0 0 0 12 12 12 0 0 0 12 12 12 0 0 0 12 12 12 0 0 0 12 12 12 0 0 0 12 12 12 0 0 0 12 12 12 0 0 0 12 12 12 0 0 0 12 12 12 0 0 0 12 12 12 0 0 0 12 12 12 0 0 0 12 12 12 0 0 0 12 12 12 0 0 0 12 12 12 0 0 0 12 12 12 0 0 0 12 12 12 0 0 0 12 12 12 0 0 0 12 12 12 0 0 0 12 12 12 0 0 0 12 12 12 0 0 0 12 12 12 0 0 0 12 12 12 0 0 0 12 12 12 0 0 0 12 12 12 0 0 0 12 12 12 0 0 0 12 12 12 0 0 0 12 12 12 0 0 0 12 12 12 0 0 0 12 12 12 0 0 0 12 12 12 0 0 0 12 12 12 0 0 0 12 12 12 0 0 0 12 12 12 0 0 0 12 12 12 0 0 0 12 12 12 0 0 0 12 12 12 0 0 0 12 12 12 0 0 0 12 12 12 0 0 0 12 12 12 0 0 0 12 12 12 0 0 0 12 12 12 0 0 0 12 12 12 0 0 0 12 12 12 0 0 0 12 12 12 0 0 0 12 12 12 0 0 0 12 12 12 0 0 0 12 12 12 0 0 0 12 12 12 0 0 0 12 12 12 0 0 0 12 12 12 0 0 0 12 12 12 0 0 0 12 12 12 0 0 0 12 12 12 0 0 0 12 12 12 0 0 0
12 0 12 0
12 0 12 0 12 0 12 0 12 0 12 0 12 0 12 0
12 0 12 0 12 0 12 0 12 0 12 0
12 0 12 0 12 0 12 0 12 0 12 0 12 0 12 0 12 0 12 0 12 0 12 0 12 0 12 0 12 0 12 0 12 0 12 0 12 0 12 0 12 0 12 0 12 0 12 0 12 0 12 0 12 0 12 0 12 0 12 0 12 0 12 0 12 0 12 0 12 0 12 0 12 0 12 0 12 0 12 0 12 0 12 0 12 0 12 0 12 0 12 0 12 0 12 0
12 0 12 0 12 0 12 0 12 0 12 0 12 0 12 0 12 0 12 0 12 0 12 0 12 0 12 0 12 0 12 0 12 0 12 0 12 0 12 0 12 0 12 0 12 0 12 0 12 0 12 0 12 0 12 0 12 0 12 0 12 0 12 0 12 0 12 0 12 0 12 0 12 0 12 0 12 0 12 0 12 0 12 0 12 0 12 0 12 0 12 0 12 0 12 0 12 0 12 0 12 0 12 0 12 0 12 0 12 0 12 0 12 0 12 0 12 0 12 0 12 0 12 0 12 0 12 0 12 0 12 0 12 0 12 0 12 0 12 0 12 0 12 0 12 0 12 0 12 0 12 0 12 0 12 0 12 0 12 0 12 0 12 0 12 0 12 0 12 0 12 0 12 0 12 0 12 0 12 0 12 0 12 0 12 0 12 0 12 0 12 0 12 0 12 0 12 0 12 0 12 0 12 0 12 0 12 0 12 0 12 0 12 0 12 0 12 0 12 0 12 0 12 0 12 0 12 0 12 0 12 0 12 0 12 0 12 0 12 0 12 0 12 0 12 0 12 0 12 0 12 0 12 0 12 0 12 0 12 0 12 0 12 0 12 0 12 0 12 0 12 0 12 0 12 0 12 0 12 0 12 0 12 0 12 0 12 0 12 0 12 0 12 0 12 0 12 0 12 0 12 0 12 0 12 0 12 0 12 0 12 0 12 0 12 0 12 0 12 0 12 0 12 0 12 0 12 0 12 0 12 0 12 0 12 0 12 0 12 0 12 0 12 0 12 0 12 0 12 0 12 0 12 0 12 0 12 0 12 0 12 0 12 0 12 0 12 0 12 0 12 0 12 0 12 0 12 0 12 0 12 0 12 0
11 0
;block_to_fluid_state;u32+rle;451
~21 0
1
0
2
3
~15 0
4
~1d 0
~b 5
~1b 0
~2 6
~8 0
~2 7
~31 0
8
6
~8 0
~a 9
0
a
b
8
~a a
~c c
~c a
~1a 0
d
~1d 0
~a c
~f 0
d
e
d
~7 0
~2 f
0
~3 8
~4 0
8
e
10
~2 0
d
8
~d 0
8
~2 0
a
~3 0
~3 8
~2 0
~2 10
~3a 0
6
~a 0
8
6
~11 0
~10 d
~7 8
0
4
9
c
~3 0
~3 8
~3 e
~3e 0
8
~19 e
~d 0
~9 d
~e 0
8
~51 0
~2 7
~3 0
9
~a 0
~14 4
~b a
0
4
~5 0
7
~e 8
~d e
~d 10
9
~b 0
~2 11
~2 9
~18 0
~2 e
~2 0
~2 d
~2 c
~2 0
~2 8
~4 0
~2 9
~2 a
~14 0
8
10
e
~4 0
e
8
10
0
8
e
~2 0
10
~3 0
~11 12
~13 0
~4 13
0
e
8
10
0
e
8
10
~2 0
e
8
10
~4 0
14
15
0
f
0
a
~12 0
~4 8
~4 e
~8 0
~4 8
~4 e
~8 0
~8 c
~8 16
~8 0
6
b
~b 0
9
a
12
4
~4 0
8
e
10
0
8
e
10
0
8
e
10
0
8
e
10
~f 0
12
~3 0
4
~8 0
